Ma tran A thu 1:
- Ma tran Q:
1.0 0.0 0.0 
0.0 0.0 1.0 
0.0 1.0 0.0 
- Ma tran R:
1.0 2.0 4.0 
0 3.0 6.0 
0 0 5.0 
Ma tran A thu 2:
- Ma tran Q:
0.5 -0.8660254037844387 0.0 
0.5 0.2886751345948129 -0.816496580927726 
0.5 0.2886751345948129 0.4082482904638631 
0.5 0.2886751345948129 0.4082482904638631 
- Ma tran R:
2.0 1.5 1.0 
0 0.8660254037844388 0.5773502691896258 
0 0 0.8164965809277261 
Ma tran A thu 3:
- Ma tran Q:
0.3333333333333333 0.6666666666666666 0.6666666666666664 
0.6666666666666666 0.3333333333333333 -0.6666666666666667 
-0.6666666666666666 0.6666666666666666 -0.33333333333333354 
- Ma tran R:
3.0 0 0.6666666666666666 
0 3.0 2.333333333333333 
0 0 0.33333333333333254 
Ma tran A thu 4:
- Ma tran Q:
0.4082482904638631 0.5773502691896256 0.7071067811865476 
0.8164965809277261 -0.5773502691896257 0.0 
0.4082482904638631 0.5773502691896256 -0.7071067811865475 
- Ma tran R:
2.4494897427831783 0 1.632993161855452 
0 2.309401076758503 0 
0 0 1.414213562373095 
Ma tran A thu 5:
- Ma tran Q:
0.3333333333333333 0.6666666666666666 0.6666666666666664 
0.6666666666666666 0.3333333333333333 -0.6666666666666667 
-0.6666666666666666 0.6666666666666666 -0.33333333333333354 
- Ma tran R:
3.0 0 0.6666666666666666 
0 3.0 2.333333333333333 
0 0 0.33333333333333254 
Ma tran A thu 6:
- Ma tran Q:
0.5 -0.8017837257372732 0.31622776601683794 
0.5 0.0 -0.6324555320336759 
0.5 0.2672612419124244 -0.31622776601683794 
0.5 0.5345224838248488 0.6324555320336759 
- Ma tran R:
2.0 4.0 2.0 
0 3.7416573867739418 0 
0 0 1.5811388300841895 
